CHROM	POS	ID	REF	ALT	QUAL	FILTER	AC	AF	AN	BaseQRankSum	DP	END	ExcessHet	FS	InbreedingCoeff	MLEAC	MLEAF	MQ	MQRankSum	NEGATIVE_TRAIN_SITE	POSITIVE_TRAIN_SITE	QD	RAW_MQandDP	ReadPosRankSum	SOR	VQSLOD	culprit
chr1	20633892	rs148871409	A	T	2171.34	PASS	4	0.034	116	-1.020e-01	2013		3.7682	5.490	0.0222	8	0.048	60.00	0.00		POSITIVE_TRAIN_SITE	12.27		0.478	0.399	19.21	MQRankSum
chr1	20645618	rs3738136	G	A	3625.59	PASS	6	0.036	166	-4.970e-01	2757		0.2785	1.166	0.2550	7	0.041	60.00	0.00		POSITIVE_TRAIN_SITE	18.98		0.00	0.795	18.00	MQRankSum
chr1	20648528	rs45515602	G	A	373.52	PASS	1	6.250e-03	160	0.286	2632		3.0103	0.000	-0.0059	1	5.882e-03	60.00	0.00			13.34		-2.540e-01	0.941	16.90	MQRankSum
chr1	20649169	rs115477764	G	A	694.52	PASS	1	5.952e-03	168	0.00	2808		3.0103	1.193	-0.0059	1	5.882e-03	60.00	0.00		POSITIVE_TRAIN_SITE	16.94		0.887	0.919	18.05	MQRankSum
chr1	20650507	rs1043424	A	C	15534.97	PASS	31	0.225	138	0.678	2145		2.6503	1.165	0.0036	41	0.241	60.00	0.00		POSITIVE_TRAIN_SITE	16.89		-1.680e-01	0.811	18.38	MQRankSum
chr1	207506725	rs11587944	C	T	1183.08	PASS	2	0.012	170	1.03	3301		3.0361	0.000	-0.0119	2	0.012	60.00	0.00		POSITIVE_TRAIN_SITE	13.76		0.708	0.731	17.75	MQRankSum
chr1	207506809	rs183171969	A	G	426.52	PASS	1	6.098e-03	164	2.23	2730		3.0103	1.897	-0.0059	1	5.882e-03	60.00	0.00		POSITIVE_TRAIN_SITE	19.39		-6.940e-01	0.307	17.90	MQRankSum
chr1	207567850	rs368350236	A	G	518.52	PASS	1	6.024e-03	166	2.07	3295		3.0103	0.000	-0.0059	1	5.882e-03	59.41	-6.880e-01	NEGATIVE_TRAIN_SITE		12.96		1.38	0.622	-1.315e+00	MQRankSum
chr1	207577907	rs200111726	T	C	306.52	PASS	1	5.882e-03	170	3.05	3396		3.0103	14.234	-0.0059	1	5.882e-03	53.42	-5.043e+00			8.07		1.48	3.727	-6.041e+00	MQRankSum
chr1	207577915	rs202070239	A	G	286.52	PASS	1	5.882e-03	170	3.52	3383		3.0103	14.997	-0.0059	1	5.882e-03	51.91	-4.617e+00			8.68		1.17	4.003	-6.427e+00	MQRankSum
chr1	207580276	rs2274567	A	G	10513.38	PASS	21	0.223	94	-3.300e-01	1776		3.1618	0.000	-0.0158	33	0.194	57.79	0.329		POSITIVE_TRAIN_SITE	16.58		-2.160e-01	0.649	1.41	MQRankSum
chr1	207584793	.	G	A	662.52	PASS	1	5.882e-03	170	-2.254e+00	3289		3.0103	0.000	-0.0059	1	5.882e-03	59.42	-4.100e-01			9.08		-6.100e-02	0.632	-4.287e-01	MQRankSum
chr1	207587427	rs61734514	A	G	1266.08	PASS	2	0.012	170	3.55	3112		3.0361	0.000	-0.0119	2	0.012	60.00	0.00		POSITIVE_TRAIN_SITE	20.42		1.35	0.793	16.83	MQRankSum
chr1	207587428	rs3737002	C	T	21678.70	PASS	39	0.229	170	-7.090e-01	3392		6.7794	0.000	-0.0981	39	0.229	60.00	0.00		POSITIVE_TRAIN_SITE	14.68		-2.170e-01	0.740	18.15	MQRankSum
chr1	207587485	rs373049995	G	A	774.52	PASS	1	5.882e-03	170	2.49	3421		3.0103	2.649	-0.0059	1	5.882e-03	60.00	0.00			17.60		-1.900e-01	0.754	16.45	MQRankSum
chr1	207609362	rs17259045	A	G	4212.10	PASS	10	0.061	164	1.48	2592		4.2286	2.957	-0.0625	10	0.059	60.00	0.00		POSITIVE_TRAIN_SITE	13.08		0.031	0.852	18.97	MQRankSum
chr1	207609424	rs41274768	G	A	1615.95	PASS	3	0.018	164	-1.719e+00	2720		3.0881	0.733	-0.0180	3	0.018	60.00	0.00		POSITIVE_TRAIN_SITE	15.69		-3.710e-01	0.595	18.08	MQRankSum
chr1	207609511	rs17047660	A	G	545.52	PASS	1	5.952e-03	168	2.03	2824		3.0103	6.522	-0.0059	1	5.882e-03	60.00	0.00		POSITIVE_TRAIN_SITE	12.40		0.367	0.753	20.06	MQRankSum
chr1	207609544	rs17047661	A	G	1225.95	PASS	3	0.018	166	1.68	2809		3.0881	0.750	-0.0180	3	0.018	60.00	0.00		POSITIVE_TRAIN_SITE	11.46		-5.610e-01	0.856	18.37	MQRankSum
chr1	207609571	rs4844609	A	T	90169.39	PASS	157	0.969	162	1.71	2843		3.2727	0.000	-0.0303	165	0.971	60.00	0.00		POSITIVE_TRAIN_SITE	32.86		0.124	0.755	15.98	MQRankSum
chr1	207609586	rs6691117	A	G	15412.81	PASS	35	0.230	152	0.273	2480		3.2469	1.119	-0.0168	38	0.224	60.00	0.00		POSITIVE_TRAIN_SITE	15.47		0.370	0.613	18.48	MQRankSum
chr1	207611754	rs202148801	G	T	363.53	PASS	1	7.463e-03	134	-3.947e+00	2087		3.0103	0.000	-0.0059	1	5.882e-03	56.54	0.772	NEGATIVE_TRAIN_SITE		15.81		-4.310e-01	0.446	-1.250e+00	MQRankSum
chr1	207614418	rs200692346	G	A	690.52	PASS	1	5.952e-03	168	0.454	3162		3.0103	2.533	-0.0059	1	5.882e-03	53.96	-1.598e+00	NEGATIVE_TRAIN_SITE		13.28		-5.000e-01	1.139	-1.838e+00	MQRankSum
chr1	207616743	rs3811381	C	G	30448.48	PASS	32	0.188	170	-1.951e+00	4088		2.7272	0.000	-0.0009	32	0.188	59.84	0.00		POSITIVE_TRAIN_SITE	15.59		-5.300e-02	0.729	5.20	MQRankSum
chr1	207618089	rs41274770	A	G	476.08	PASS	1	6.494e-03	154	2.61	2414		3.0361	1.210	-0.0119	2	0.012	60.00	0.00		POSITIVE_TRAIN_SITE	12.53		0.368	0.914	18.11	MQRankSum
chr2	9490412	rs55796712	G	A	2284.95	PASS	3	0.018	170	-2.176e+00	3172		3.0881	0.000	-0.0180	3	0.018	60.00	0.00		POSITIVE_TRAIN_SITE	15.87		0.393	0.641	17.71	MQRankSum
chr2	9492963	rs61754177	C	T	413.53	PASS	1	6.667e-03	150	-1.607e+00	2418		3.0103	0.000	-0.0060	1	5.882e-03	60.00	0.00		POSITIVE_TRAIN_SITE	12.92		-1.710e-01	0.644	17.96	MQRankSum
chr2	9527801	rs2230818	T	C	1196.08	PASS	2	0.012	166	1.53	2874		3.0361	0.000	-0.0119	2	0.012	60.00	0.00		POSITIVE_TRAIN_SITE	14.77		-7.660e-01	0.730	18.33	MQRankSum
chr2	9543235	rs61754178	T	C	936.35	PASS	3	0.021	146	1.85	2248		3.1668	0.000	-0.0241	4	0.024	60.00	0.00		POSITIVE_TRAIN_SITE	10.89		0.286	0.639	17.83	MQRankSum
chr2	37253247	rs754218304	G	C	380.53	PASS	1	6.098e-03	164	-1.224e+00	2822		3.0103	1.311	-0.0060	1	5.882e-03	60.00	0.00			10.87		-1.569e+00	0.772	16.36	MQRankSum
chr2	37274670	rs145739051	T	C	558.22	PASS	2	0.029	70	-2.327e+00	1549		3.0361	0.000	-0.0152	2	0.012	60.00	0.00			11.88		1.12	0.557	16.44	MQRankSum
chr2	37316401	rs11896614	T	C	5910.05	PASS	9	0.053	170	2.44	3145		3.9788	4.050	-0.0559	9	0.053	60.00	0.00		POSITIVE_TRAIN_SITE	14.52		0.102	0.983	19.41	MQRankSum
chr2	127050470	rs138047593	T	C	1145.08	PASS	2	0.012	170	1.33	3146		3.0361	0.889	-0.0119	2	0.012	60.00	0.00		POSITIVE_TRAIN_SITE	15.90		0.679	0.583	17.72	MQRankSum
chr2	127059120	rs754707833	G	A	985.08	PASS	2	0.012	170	-8.920e-01	3292		3.0361	0.000	-0.0119	2	0.012	60.00	0.00			12.47		0.940	0.686	16.58	MQRankSum
chr2	202899585	.	T	C	646.53	PASS	1	8.772e-03	114	-1.019e+00	1887		3.0103	0.000	-0.0060	1	5.882e-03	60.00	0.00			15.39		-7.050e-01	0.616	16.62	MQRankSum
chr3	155118765	rs147564881	G	C	885.08	PASS	2	0.013	156	0.464	2483		3.0361	2.207	-0.0119	2	0.012	60.00	0.00			11.80		0.437	1.009	17.20	MQRankSum
chr3	155144383	rs149905705	C	T	529.53	PASS	1	6.579e-03	152	-5.740e-01	2265		3.0103	0.000	-0.0063	1	5.882e-03	60.00	0.00			18.91		-1.012e+00	0.936	16.35	MQRankSum
chr3	155168594	rs181745819	A	G	562.52	PASS	1	6.173e-03	162	1.89	2663		3.0103	0.000	-0.0059	1	5.882e-03	60.00	0.00		POSITIVE_TRAIN_SITE	15.20		1.38	0.616	17.89	MQRankSum
chr4	987896	rs148775298	C	G	1132.35	PASS	3	0.027	112	-2.850e-01	1865		3.1668	0.000	-0.0242	4	0.024	60.00	0.00			12.05		0.062	0.678	16.61	MQRankSum
chr4	1000626	rs3755955	G	A	6607.47	PASS	16	0.107	150	0.664	2274		7.3770	3.321	-0.1184	18	0.106	60.00	0.00		POSITIVE_TRAIN_SITE	13.97		0.493	0.944	19.24	MQRankSum
chr4	1002377	rs6831280	G	A	14375.32	PASS	17	0.100	170	-1.392e+00	3582		6.8655	1.153	-0.1111	17	0.100	60.00	0.00		POSITIVE_TRAIN_SITE	13.88		0.194	0.587	18.12	MQRankSum
chr4	1002902	rs73066479	G	A	5864.16	PASS	14	0.109	128	0.640	2042		6.9166	2.454	-0.0772	17	0.101	60.00	0.00		POSITIVE_TRAIN_SITE	12.95		0.113	0.868	18.25	MQRankSum
chr4	3074923	rs751281707	AGC	A	1843.17	PASS	2	0.037	54	-2.530e-01	1492		3.4064	0.000	-0.0421	6	0.035	59.99	0.00			18.43		0.328	0.655	6.28	MQRankSum
chr4	3074966	.	G	GCCT	1068.38	PASS	1	0.250	4	-6.610e-01	768		3.0890	8.782	0.0555	3	0.018	60.00	0.00			24.28		-7.750e-01	0.097	3.19	MQRankSum
chr4	3116210	rs773416184	G	A	231.53	PASS	1	6.849e-03	146	0.089	2271		3.0103	4.409	-0.0059	1	5.882e-03	60.00	0.00			9.26		-3.210e-01	1.863	17.32	MQRankSum
chr4	3122937	.	G	T	150.53	PASS	1	7.813e-03	128	-7.500e-02	2071		3.0103	12.913	-0.0060	1	5.882e-03	60.00	0.00			6.84		-5.900e-01	3.912	8.58	MQRankSum
chr4	3131386	rs34389685	G	A	308.53	PASS	1	6.579e-03	152	-1.441e+00	2309		3.0103	0.000	-0.0059	1	5.882e-03	60.00	0.00		POSITIVE_TRAIN_SITE	12.86		-1.218e+00	0.760	17.78	MQRankSum
chr4	3135947	rs363075	G	A	7468.49	PASS	15	0.094	160	-6.640e-01	2782		6.3891	1.108	-0.1039	16	0.094	60.00	0.00		POSITIVE_TRAIN_SITE	13.88		0.148	0.607	18.49	MQRankSum
chr4	3146843	rs35892913	G	A	12326.49	PASS	16	0.094	170	0.477	3728		6.3891	1.119	-0.1039	16	0.094	60.00	0.00		POSITIVE_TRAIN_SITE	14.37		0.505	0.791	17.64	MQRankSum
chr4	3146926	rs1143646	T	G	6047.53	PASS	8	0.047	170	2.19	3797		3.7589	3.240	-0.0494	8	0.047	60.00	0.00		POSITIVE_TRAIN_SITE	13.78		0.126	0.974	18.60	MQRankSum
chr4	3187783	rs150003356	T	C	448.53	PASS	1	6.024e-03	166	-9.520e-01	2756		3.0103	6.641	-0.0059	1	5.882e-03	60.00	0.00		POSITIVE_TRAIN_SITE	17.25		2.03	0.108	18.58	MQRankSum
chr4	3187820	rs363125	C	A	4863.35	PASS	9	0.073	124	-1.805e+00	2068		2.1153	0.459	0.0193	17	0.100	60.00	0.00		POSITIVE_TRAIN_SITE	14.30		0.466	0.750	18.46	MQRankSum
chr4	3206913	rs201159417	G	A	363.53	PASS	1	8.197e-03	122	0.744	1954		3.0103	0.000	-0.0060	1	5.882e-03	60.00	0.00			13.46		1.12	0.582	16.72	MQRankSum
chr4	3214108	rs362331	T	C	37184.39	PASS	57	0.352	162	1.44	2962		1.7999	1.859	0.0395	59	0.347	60.00	0.00		POSITIVE_TRAIN_SITE	21.41		-2.200e-01	0.822	17.47	MQRankSum
chr4	3214123	rs1298588369	A	T	416.52	PASS	1	6.173e-03	162	-1.420e-01	2762		3.0103	0.000	-0.0059	1	5.882e-03	60.00	0.00			14.88		-4.600e-02	0.941	16.84	MQRankSum
chr4	3215167	rs186882443	A	G	663.53	PASS	1	6.250e-03	160	0.157	2652		3.0103	1.206	-0.0059	1	5.882e-03	60.00	0.00		POSITIVE_TRAIN_SITE	15.80		-9.360e-01	0.478	17.93	MQRankSum
chr4	3233253	rs362272	G	A	32546.77	PASS	40	0.235	170	1.68	3863		7.5690	2.155	-0.1115	40	0.235	60.00	0.00		POSITIVE_TRAIN_SITE	15.72		0.073	0.557	17.94	MQRankSum
chr4	3238950	rs1316267315	G	A	519.52	PASS	1	5.952e-03	168	1.29	2828		3.0103	0.000	-0.0059	1	5.882e-03	60.00	0.00			15.74		0.938	0.830	16.67	MQRankSum
chr4	10584947	rs61759824	G	A	7276.04	PASS	13	0.076	170	-9.870e-01	3525		5.1633	0.526	-0.0828	13	0.076	60.00	0.00		POSITIVE_TRAIN_SITE	14.82		0.059	0.613	17.77	MQRankSum
chr5	151033636	.	G	C	545.53	PASS	1	6.173e-03	162	-1.108e+00	2725		3.0103	0.000	-0.0059	1	5.882e-03	60.00	0.00			16.04		0.700	0.627	16.68	MQRankSum
chr5	151056861	rs52817781	C	T	8951.10	PASS	10	0.059	170	2.42	3711		4.2286	0.000	-0.0625	10	0.059	60.00	0.00		POSITIVE_TRAIN_SITE	14.32		0.350	0.721	17.43	MQRankSum
chr5	151056942	rs2233290	G	C	7437.03	PASS	13	0.163	80	-1.610e-01	1657		2.8114	5.831	0.0170	19	0.113	60.00	0.00		POSITIVE_TRAIN_SITE	19.99		0.383	0.360	18.76	MQRankSum
chr6	41030401	rs115953314	C	T	574.52	PASS	1	6.024e-03	166	2.64	2683		3.0103	3.390	-0.0059	1	5.882e-03	60.00	0.00		POSITIVE_TRAIN_SITE	19.15		1.32	1.493	18.67	MQRankSum
chr6	41030428	rs742493	T	C	9064.61	PASS	20	0.123	162	-2.160e-01	2797		3.1436	0.520	-0.0200	20	0.118	60.00	0.00		POSITIVE_TRAIN_SITE	13.95		0.352	0.655	18.46	MQRankSum
chr6	41030430	rs759752192	C	T	214.53	PASS	1	6.173e-03	162	1.33	2736		3.0103	5.946	-0.0059	1	5.882e-03	60.00	0.00			7.66		-4.800e-02	1.541	17.48	MQRankSum
chr6	41033992	rs148670174	C	T	1088.52	PASS	1	5.882e-03	170	0.319	3396		3.0103	1.936	-0.0059	1	5.882e-03	60.00	0.00			14.91		0.850	0.468	16.69	MQRankSum
chr6	41034905	rs537774250	G	A	493.52	PASS	1	5.882e-03	170	-3.620e+00	3335		3.0103	5.887	-0.0059	1	5.882e-03	60.00	0.00			11.75		-1.959e+00	1.994	16.42	MQRankSum
chr6	41194633	rs145455750	T	C	702.52	PASS	1	5.882e-03	170	-1.190e-01	3048		3.0103	2.681	-0.0059	1	5.882e-03	60.00	0.00			17.13		0.447	1.179	17.30	MQRankSum
chr6	41194780	rs3747742	T	C	51603.39	PASS	67	0.394	170	1.99	4019		4.9987	0.000	-0.0593	67	0.394	60.00	0.00		POSITIVE_TRAIN_SITE	18.71		0.423	0.668	17.10	MQRankSum
chr6	41194824	rs61734887	G	C	2714.89	PASS	5	0.029	170	1.08	3019		3.2727	4.352	-0.0303	5	0.029	60.00	0.00		POSITIVE_TRAIN_SITE	13.05		0.014	1.013	19.34	MQRankSum
chr6	41198180	rs762890750	C	T	368.56	PASS	1	0.083	12	-1.970e-01	1135		3.0103	0.000	-0.0078	1	5.882e-03	42.53	1.33	NEGATIVE_TRAIN_SITE		18.43		-6.560e-01	0.765	-2.676e+00	MQ
chr6	41198337	rs35512890	C	T	1057.08	PASS	2	0.012	170	0.699	3103		3.0361	6.811	-0.0119	2	0.012	60.00	0.00			11.62		1.10	0.781	18.15	MQRankSum
chr6	41198411	rs62396355	A	G	10768.89	PASS	19	0.114	166	3.17	2907		2.7708	7.509	-0.0073	19	0.112	54.76	-4.502e+00			16.75		0.345	1.197	-1.286e+00	MQRankSum
chr6	41198416	rs77704965	G	C	10728.89	PASS	19	0.114	166	1.53	2818		2.7708	5.404	-0.0073	19	0.112	54.43	-4.487e+00			17.06		0.255	1.078	-1.340e+00	MQRankSum
chr6	41198417	rs41273772	T	C	10614.89	PASS	19	0.114	166	2.86	2817		2.7708	5.404	-0.0073	19	0.112	54.42	-4.487e+00			17.07		0.152	1.088	-1.320e+00	MQRankSum
chr6	114057558	rs17793043	A	T	309.52	PASS	1	5.882e-03	170	-1.477e+00	2939		3.0103	3.127	-0.0059	1	5.882e-03	60.00	0.00		POSITIVE_TRAIN_SITE	9.10		-1.401e+00	0.757	18.27	MQRankSum
chr6	114057958	rs144094472	G	A	830.08	PASS	2	0.012	168	-2.408e+00	3063		3.0361	1.937	-0.0119	2	0.012	60.00	0.00		POSITIVE_TRAIN_SITE	10.64		0.912	1.011	18.14	MQRankSum
chr6	114062761	rs144143119	C	T	1155.52	PASS	1	5.882e-03	170	-2.222e+00	3633		3.0103	0.000	-0.0059	1	5.882e-03	60.00	0.00			12.29		-1.264e+00	0.690	16.13	MQRankSum
chr6	161350187	rs149953814	G	A	2610.95	PASS	3	0.018	170	0.896	3224		3.0881	1.311	-0.0180	3	0.018	60.00	0.00			17.07		0.128	0.547	16.44	MQRankSum
chr6	161360169	rs55830907	G	A	1289.08	PASS	2	0.013	160	0.135	2691		3.0361	4.262	-0.0119	2	0.012	60.00	0.00		POSITIVE_TRAIN_SITE	15.72		0.864	0.521	18.86	MQRankSum
chr6	161360193	rs1801334	C	T	5694.07	PASS	10	0.062	162	0.527	2847		0.1558	0.789	0.2489	13	0.076	60.00	0.00		POSITIVE_TRAIN_SITE	15.73		-3.550e-01	0.640	18.34	MQRankSum
chr6	161386823	rs1801582	C	G	21957.68	PASS	43	0.262	164	1.38	2911		2.6919	0.547	0.0027	45	0.265	60.00	0.00		POSITIVE_TRAIN_SITE	17.26		-3.200e-02	0.755	18.16	MQRankSum
chr6	162054135	rs9456735	T	G	584.52	PASS	1	5.882e-03	170	2.84	3667		3.0103	6.465	-0.0059	1	5.882e-03	60.00	0.00		POSITIVE_TRAIN_SITE	12.44		0.301	1.739	19.17	MQRankSum
chr6	162201165	rs1801474	C	T	956.13	PASS	2	0.017	118	-1.984e+00	1932		3.0361	3.656	-0.0133	2	0.012	60.00	0.00		POSITIVE_TRAIN_SITE	15.94		-6.990e-01	0.965	19.24	MQRankSum
chr7	8127996	.	C	T	614.52	PASS	1	5.882e-03	170	0.370	3282		3.0103	2.279	-0.0059	1	5.882e-03	60.00	0.00			10.24		1.19	1.017	16.91	MQRankSum
chr7	8218448	.	G	A	472.53	PASS	1	6.250e-03	160	-2.550e+00	2592		3.0103	3.393	-0.0059	1	5.882e-03	60.00	0.00			14.77		0.773	1.673	17.95	MQRankSum
chr7	12224345	rs147889591	G	A	1779.33	PASS	4	0.029	136	-6.530e-01	2118		0.0778	3.068	0.4873	4	0.024	60.00	0.00		POSITIVE_TRAIN_SITE	22.52		0.875	0.328	17.50	MQRankSum
chr7	12229791	rs3173615	C	G	23761.26	PASS	54	0.391	138	0.145	2227		14.3580	1.145	-0.2029	64	0.376	60.00	0.00		POSITIVE_TRAIN_SITE	16.15		-2.220e-01	0.818	18.45	MQRankSum
chr7	37850665	rs2722372	G	A	15447.84	PASS	32	0.203	158	-9.790e-01	2848		10.3295	0.518	-0.1523	38	0.224	60.00	0.00		POSITIVE_TRAIN_SITE	13.11		0.080	0.752	18.44	MQRankSum
chr7	37864368	rs763491394	A	C	356.53	PASS	1	6.757e-03	148	2.66	2304		3.0103	0.000	-0.0059	1	5.882e-03	60.00	0.00			16.21		0.756	0.804	16.71	MQRankSum
chr7	37884315	rs62001869	G	A	1674.35	PASS	3	0.020	148	1.73	2353		3.1668	0.819	-0.0241	4	0.024	60.00	0.00		POSITIVE_TRAIN_SITE	14.82		1.12	0.549	18.18	MQRankSum
chr7	37884321	rs62001870	T	C	3607.03	PASS	9	0.058	154	0.823	2482		0.4884	2.495	0.1787	9	0.053	60.00	0.00		POSITIVE_TRAIN_SITE	16.70		0.491	0.537	18.37	MQRankSum
chr7	37894544	rs56128139	T	C	22653.73	PASS	23	0.460	50	1.85	1489		3.9557	2.042	-0.0338	63	0.371	60.00	0.00		POSITIVE_TRAIN_SITE	24.92		0.082	0.883	16.35	MQRankSum
chr7	37948932	rs149095633	C	G	265.53	PASS	1	7.246e-03	138	-2.577e+00	2117		3.0103	1.740	-0.0059	1	5.882e-03	60.00	0.00			12.07		-7.560e-01	0.561	16.68	MQRankSum
chr7	100407242	rs187521454	G	T	247.53	PASS	1	6.757e-03	148	-1.079e+00	2138		3.0103	0.000	-0.0059	1	5.882e-03	60.00	0.00		POSITIVE_TRAIN_SITE	11.79		-1.352e+00	0.593	17.66	MQRankSum
chr7	100416449	rs6957339	C	A	352.53	PASS	1	9.434e-03	106	-3.170e+00	1889		3.0103	2.231	-0.0061	1	5.882e-03	60.00	0.00		POSITIVE_TRAIN_SITE	13.56		0.515	0.223	18.45	MQRankSum
chr7	100417088	rs6465770	T	C	2227.12	PASS	3	0.036	84	2.71	1638		4.2286	6.861	-0.0626	10	0.059	60.00	0.00		POSITIVE_TRAIN_SITE	12.51		0.498	1.208	19.68	MQRankSum
chr7	100419158	rs141450215	T	C	1183.89	PASS	2	0.014	140	0.972	2140		3.2727	0.808	-0.0303	5	0.029	60.00	0.00		POSITIVE_TRAIN_SITE	11.61		0.628	0.871	17.95	MQRankSum
chr7	100419682	.	T	A	317.53	PASS	1	6.173e-03	162	-4.480e-01	2661		3.0103	0.000	-0.0059	1	5.882e-03	60.00	0.00			14.43		-5.280e-01	0.527	16.80	MQRankSum
chr7	100488257	rs150028591	C	T	559.53	PASS	1	5.882e-03	170	-1.993e+00	3220		3.0103	2.517	-0.0059	1	5.882e-03	60.00	0.00			11.19		1.55	1.219	17.45	MQRankSum
chr7	100489367	.	G	T	320.53	PASS	1	8.772e-03	114	-1.974e+00	1945		3.0103	1.573	-0.0060	1	5.882e-03	60.00	0.00			10.34		-4.000e-02	1.161	17.13	MQRankSum
chr7	143394220	rs767146354	G	T	438.53	PASS	1	5.952e-03	168	-2.943e+00	2736		3.0103	1.585	-0.0059	1	5.882e-03	60.00	0.00			15.12		-4.660e-01	0.385	16.98	MQRankSum
chr7	143394949	rs553708553	C	T	940.52	PASS	1	5.882e-03	170	-2.984e+00	3529		3.0103	2.023	-0.0059	1	5.882e-03	60.00	0.00			13.25		1.45	0.429	16.66	MQRankSum
chr7	143395176	rs34372369	G	A	3528.89	PASS	5	0.029	170	0.870	3950		3.2727	0.906	-0.0303	5	0.029	60.00	0.00		POSITIVE_TRAIN_SITE	11.72		0.621	0.622	17.79	MQRankSum
chr7	143398060	rs11768549	C	T	3057.36	PASS	6	0.036	168	1.70	3099		3.4064	4.096	-0.0366	6	0.035	60.00	0.00		POSITIVE_TRAIN_SITE	13.24		-6.440e-01	0.467	19.25	MQRankSum
chr7	143398927	rs201581948	C	T	153.54	PASS	1	8.621e-03	116	0.764	1823		3.0103	4.771	-0.0068	1	5.882e-03	60.00	0.00			7.31		-3.700e-02	0.053	16.84	MQRankSum
chr7	143400007	rs4725617	A	G	95207.89	PASS	158	0.975	162	1.25	2883		3.1668	0.000	-0.0241	166	0.976	60.00	0.00		POSITIVE_TRAIN_SITE	30.18		0.060	0.637	16.22	MQRankSum
chr7	143401493	rs148653512	C	A	413.52	PASS	1	5.952e-03	168	0.571	3030		3.0103	1.222	-0.0059	1	5.882e-03	60.00	0.00			10.88		1.21	0.960	16.79	MQRankSum
chr8	11847108	rs114308907	T	G	475.52	PASS	1	5.952e-03	168	1.75	3293		3.0103	2.987	-0.0059	1	5.882e-03	60.00	0.00			13.21		-1.475e+00	0.478	16.84	MQRankSum
chr8	11847141	rs17573	C	T	634.52	PASS	1	5.952e-03	168	-2.505e+00	3242		3.0103	0.000	-0.0059	1	5.882e-03	60.00	0.00		POSITIVE_TRAIN_SITE	14.10		-1.362e+00	0.616	18.11	MQRankSum
chr8	11852665	rs1803250	T	C	22177.84	PASS	22	0.129	170	1.44	4963		0.3664	0.521	0.1646	22	0.129	60.00	0.00		POSITIVE_TRAIN_SITE	16.36		-2.300e-02	0.652	15.59	MQRankSum
chr8	11853379	rs12338	G	C	48101.07	PASS	58	0.341	170	-1.636e+00	4342		0.2945	0.551	0.1626	58	0.341	60.00	0.00		POSITIVE_TRAIN_SITE	18.25		-1.900e-01	0.627	16.75	MQRankSum
chr8	11853402	rs151331859	C	T	455.52	PASS	1	5.882e-03	170	1.45	3335		3.0103	0.000	-0.0059	1	5.882e-03	60.00	0.00			9.69		1.03	0.587	16.42	MQRankSum
chr8	27430997	rs61738530	C	A	569.52	PASS	1	5.882e-03	170	-1.699e+00	3270		3.0103	0.000	-0.0059	1	5.882e-03	60.00	0.00		POSITIVE_TRAIN_SITE	12.66		-6.600e-02	0.867	17.80	MQRankSum
chr8	27433522	rs56175011	C	G	475.52	PASS	1	6.173e-03	162	-1.330e-01	2589		3.0103	0.000	-0.0059	1	5.882e-03	60.00	0.00		POSITIVE_TRAIN_SITE	13.21		1.92	0.914	18.00	MQRankSum
chr8	27451068	rs751019	A	C	59256.26	PASS	92	0.541	170	-8.390e-01	3882		4.3026	0.566	-0.0424	92	0.541	60.00	0.00		POSITIVE_TRAIN_SITE	19.42		-1.890e-01	0.772	17.01	MQRankSum
chr8	144099089	rs954007413	G	A	414.53	PASS	1	6.173e-03	162	-6.580e-01	2453		3.0103	0.000	-0.0059	1	5.882e-03	60.00	0.00			18.02		-6.700e-02	0.495	16.60	MQRankSum
chr8	144099319	rs34674752	G	A	3720.36	PASS	6	0.035	170	-1.221e+00	3490		3.4064	0.909	-0.0366	6	0.035	60.00	0.00		POSITIVE_TRAIN_SITE	13.38		0.578	0.617	17.86	MQRankSum
chr8	144099354	rs11541804	C	G	7607.64	PASS	11	0.065	170	-6.160e-01	3660		4.5089	6.926	-0.0692	11	0.065	60.00	0.00		POSITIVE_TRAIN_SITE	13.88		0.290	0.587	19.44	MQRankSum
chr8	144100007	rs11541805	G	A	3402.61	PASS	7	0.042	168	-1.937e+00	2936		3.5683	2.204	-0.0429	7	0.041	60.00	0.00		POSITIVE_TRAIN_SITE	13.19		-2.290e-01	0.565	18.61	MQRankSum
chr9	104800523	rs2230808	T	C	46556.32	PASS	82	0.745	110	1.60	1932		2.6919	0.000	-0.0198	126	0.741	60.00	0.00		POSITIVE_TRAIN_SITE	26.71		-3.560e-01	0.714	16.13	MQRankSum
chr9	104817351	rs33918808	C	G	1798.61	PASS	6	0.039	154	0.420	2286		3.5683	6.473	-0.0430	7	0.041	60.00	0.00		POSITIVE_TRAIN_SITE	9.52		0.570	1.144	19.16	MQRankSum
chr9	104820001	rs775863046	G	A	665.53	PASS	1	7.463e-03	134	0.115	2165		3.0103	9.459	-0.0059	1	5.882e-03	60.00	0.00			19.57		0.170	0.072	16.74	MQRankSum
chr9	104824472	rs2066714	T	C	8479.91	PASS	11	0.117	94	1.16	1766		2.3353	2.457	0.0134	31	0.182	60.00	0.00		POSITIVE_TRAIN_SITE	16.15		-1.810e-01	0.752	18.58	MQRankSum
chr9	104825752	rs2066715	C	T	4544.04	PASS	13	0.083	156	-2.138e+00	2474		5.1633	1.251	-0.0828	13	0.076	60.00	0.00		POSITIVE_TRAIN_SITE	12.12		0.176	0.619	18.47	MQRankSum
chr9	104830934	rs574002247	A	G	364.52	PASS	1	6.024e-03	166	1.91	2844		3.0103	8.455	-0.0059	1	5.882e-03	60.00	0.00			10.13		0.214	2.387	15.99	MQRankSum
chr9	104831663	.	C	T	433.52	PASS	1	6.024e-03	166	-3.056e+00	2704		3.0103	0.000	-0.0059	1	5.882e-03	60.00	0.00			10.84		-8.030e-01	0.693	16.53	MQRankSum
chr9	104858586	rs2230806	C	T	11948.08	PASS	15	0.313	48	-8.470e-01	1443		1.3386	0.000	0.0435	46	0.271	60.00	0.00		POSITIVE_TRAIN_SITE	19.27		-3.600e-01	0.744	17.80	MQRankSum
chr10	11462898	rs1027751830	A	C	1134.52	PASS	1	5.882e-03	170	3.66	3314		3.0103	1.923	-0.0059	1	5.882e-03	60.00	0.00			15.54		0.844	0.775	16.57	MQRankSum
chr10	11463744	rs113611342	G	A	6287.05	PASS	9	0.054	168	0.529	3299		3.9788	2.422	-0.0559	9	0.053	60.00	0.00		POSITIVE_TRAIN_SITE	14.55		0.711	0.853	18.22	MQRankSum
chr10	11747383	rs4750090	G	A	68732.15	PASS	121	0.992	122	2.52	2071		3.0103	0.000	-0.0060	169	0.994	60.00	0.00		POSITIVE_TRAIN_SITE	33.17		0.623	1.051	14.47	MQRankSum
chr10	11755468	rs7910140	G	A	198359.23	PASS	169	0.994	170	1.74	6159		3.0103	0.000	-0.0059	169	0.994	60.00	0.00		POSITIVE_TRAIN_SITE	33.42		1.12	0.655	14.86	MQRankSum
chr10	11755501	rs35986488	G	A	11326.63	PASS	12	0.071	170	-1.194e+00	3685		4.8203	4.503	-0.0759	12	0.071	60.00	0.00		POSITIVE_TRAIN_SITE	16.56		-4.810e-01	0.439	18.72	MQRankSum
chr10	60042719	rs141939315	C	T	511.52	PASS	1	5.882e-03	170	0.066	3667		3.0103	2.763	-0.0059	1	5.882e-03	60.00	0.00		POSITIVE_TRAIN_SITE	10.88		0.883	1.296	18.64	MQRankSum
chr10	60071513	rs10821668	T	C	17472.75	PASS	37	0.237	156	1.61	2379		4.3235	4.083	-0.0462	40	0.235	60.00	0.00		POSITIVE_TRAIN_SITE	17.92		-2.840e-01	0.465	19.23	MQRankSum
chr10	60071532	rs28932171	T	C	10724.14	PASS	22	0.138	160	0.993	2546		0.6048	2.444	0.1267	24	0.141	60.00	0.00		POSITIVE_TRAIN_SITE	17.02		0.039	0.869	18.66	MQRankSum
chr10	60071540	rs181031970	A	G	536.53	PASS	1	6.250e-03	160	1.22	2552		3.0103	1.273	-0.0059	1	5.882e-03	60.00	0.00		POSITIVE_TRAIN_SITE	14.12		2.08	0.957	18.03	MQRankSum
chr10	60071744	rs74153183	G	C	522.53	PASS	1	6.098e-03	164	2.36	2631		3.0103	0.000	-0.0059	1	5.882e-03	60.00	0.00		POSITIVE_TRAIN_SITE	13.75		1.15	0.712	17.96	MQRankSum
chr10	60071893	rs41274672	C	G	1937.35	PASS	4	0.024	170	1.15	2933		3.1668	3.184	-0.0241	4	0.024	60.00	0.00		POSITIVE_TRAIN_SITE	14.79		0.329	0.441	18.49	MQRankSum
chr10	60072226	rs11599164	G	T	9042.14	PASS	23	0.144	160	-1.372e+00	2667		0.7596	1.770	0.1090	25	0.147	60.00	0.00		POSITIVE_TRAIN_SITE	14.31		0.00	0.871	18.65	MQRankSum
chr10	60072347	rs139022925	C	T	241.52	PASS	1	6.098e-03	164	-2.469e+00	2739		3.0103	0.000	-0.0059	1	5.882e-03	60.00	0.00			8.95		0.148	0.859	16.51	MQRankSum
chr10	60073412	rs140741466	G	A	834.08	PASS	2	0.015	136	-1.137e+00	2161		3.0361	6.121	-0.0120	2	0.012	60.00	0.00			17.75		0.848	0.784	18.12	MQRankSum
chr10	60073656	rs148904927	A	G	1722.87	PASS	3	0.020	150	1.36	2377		0.1304	2.613	0.3818	5	0.029	60.00	0.00		POSITIVE_TRAIN_SITE	16.89		-6.200e-02	0.448	18.26	MQRankSum
chr10	60073926	rs140463162	C	T	638.52	PASS	1	5.952e-03	168	-2.252e+00	3113		3.0103	1.052	-0.0059	1	5.882e-03	60.00	0.00		POSITIVE_TRAIN_SITE	12.28		0.073	0.885	17.90	MQRankSum
chr10	60075068	rs1465089476	C	T	379.53	PASS	1	6.329e-03	158	-9.970e-01	2531		3.0103	4.803	-0.0059	1	5.882e-03	60.00	0.00			10.26		-7.830e-01	0.681	17.60	MQRankSum
chr10	60075299	rs117475706	G	A	344.53	PASS	1	6.579e-03	152	-2.190e-01	2389		3.0103	1.718	-0.0059	1	5.882e-03	60.00	0.00		POSITIVE_TRAIN_SITE	14.36		-1.170e-01	1.244	18.79	MQRankSum
chr10	60080569	rs139982397	T	C	335.53	PASS	1	5.952e-03	168	0.407	2846		3.0103	0.000	-0.0059	1	5.882e-03	60.00	0.00			11.18		-1.271e+00	0.593	16.47	MQRankSum
chr10	60279130	.	G	A	481.53	PASS	1	6.667e-03	150	-7.670e-01	2488		3.0103	0.000	-0.0059	1	5.882e-03	60.00	0.00			15.53		0.993	0.804	16.74	MQRankSum
chr10	96223879	rs148612299	C	A	2000.60	PASS	5	0.068	74	-1.930e+00	1595		0.2785	0.000	0.2540	7	0.041	60.00	0.00		POSITIVE_TRAIN_SITE	16.00		-7.360e-01	0.755	17.65	MQRankSum
chr10	96230820	rs148249957	C	T	394.53	PASS	1	6.944e-03	144	0.020	2331		3.0103	0.000	-0.0059	1	5.882e-03	60.00	0.00			12.33		0.339	0.948	16.94	MQRankSum
chr10	122415920	rs142473166	G	A	409.52	PASS	1	5.952e-03	168	-2.250e-01	2760		3.0103	0.000	-0.0059	1	5.882e-03	60.00	0.00			11.70		0.215	0.631	16.73	MQRankSum
chr10	122429657	rs765456729	G	A	100.53	PASS	1	6.024e-03	166	-1.542e+00	2666		3.0103	0.000	-0.0059	1	5.882e-03	60.00	0.00			3.47		-4.850e-01	0.941	15.16	MQRankSum
chr10	122429681	rs1045216	A	G	53899.68	PASS	97	0.577	168	-1.820e-01	3117		0.3392	0.000	0.1535	99	0.582	60.00	0.00		POSITIVE_TRAIN_SITE	22.60		0.213	0.683	16.99	MQRankSum
chr11	60173027	rs138650483	C	T	1580.08	PASS	2	0.012	170	-3.380e+00	3554		3.0361	0.734	-0.0119	2	0.012	60.00	0.00		POSITIVE_TRAIN_SITE	13.74		0.704	0.569	17.61	MQRankSum
chr11	60173126	rs7232	T	A	46296.37	PASS	71	0.418	170	-1.141e+00	3753		12.8191	0.575	-0.1851	71	0.418	60.00	0.00		POSITIVE_TRAIN_SITE	17.58		-5.400e-02	0.788	17.52	MQRankSum
chr11	60181585	rs61742546	A	G	743.96	PASS	1	0.056	18	0.728	1154		3.2727	0.000	-0.0311	5	0.029	60.00	0.00		POSITIVE_TRAIN_SITE	11.62		0.703	0.671	17.51	MQRankSum
chr11	85990264	rs117411388	T	C	266.53	PASS	1	0.014	72	0.909	1558		3.0103	1.808	-0.0065	1	5.882e-03	60.00	0.00			13.33		0.810	1.276	17.51	MQRankSum
chr11	85996853	rs34013602	C	G	674.08	PASS	2	0.015	134	-1.033e+00	2204		3.0361	1.099	-0.0120	2	0.012	60.00	0.00		POSITIVE_TRAIN_SITE	12.48		-5.290e-01	0.504	17.92	MQRankSum
chr11	86068679	rs146840505	G	C	455.52	PASS	1	6.024e-03	166	0.700	2994		3.0103	1.174	-0.0059	1	5.882e-03	60.00	0.00			9.69		0.494	0.507	16.54	MQRankSum
chr12	40232345	rs200926937	G	C	214.53	PASS	1	8.065e-03	124	-1.567e+00	1994		3.0103	6.455	-0.0059	1	5.882e-03	60.00	0.00			8.58		-1.980e-01	1.243	17.64	MQRankSum
chr12	40235634	rs33995463	T	C	700.08	PASS	2	0.017	120	0.490	2051		3.0361	1.154	-0.0119	2	0.012	60.00	0.00		POSITIVE_TRAIN_SITE	14.00		0.028	0.941	18.11	MQRankSum
chr12	40263898	rs7308720	C	G	5103.99	PASS	12	0.085	142	-3.860e-01	2208		5.9471	1.224	-0.0968	15	0.088	60.00	0.00		POSITIVE_TRAIN_SITE	13.95		0.149	0.774	18.53	MQRankSum
chr12	40278187	rs10878307	A	G	4021.06	PASS	8	0.074	108	0.079	2014		5.1633	0.875	-0.0829	13	0.076	60.00	0.00		POSITIVE_TRAIN_SITE	13.36		-1.680e-01	0.768	18.43	MQRankSum
chr12	40278190	.	A	G	400.53	PASS	1	8.929e-03	112	-7.580e-01	1986		3.0103	1.569	-0.0060	1	5.882e-03	60.00	0.00			16.02		-5.480e-01	0.399	16.88	MQRankSum
chr12	40293624	rs58559150	G	C	955.52	PASS	1	6.024e-03	166	0.376	3051		3.0103	0.000	-0.0059	1	5.882e-03	60.00	0.00			14.48		1.42	0.585	16.65	MQRankSum
chr12	40309109	rs7133914	G	A	6673.83	PASS	14	0.082	170	1.72	3104		5.5387	2.937	-0.0897	14	0.082	60.00	0.00		POSITIVE_TRAIN_SITE	13.54		-2.350e-01	0.993	18.98	MQRankSum
chr12	40313976	rs35507033	G	A	429.55	PASS	1	0.011	94	1.00	1710		3.0103	2.483	-0.0073	1	5.882e-03	60.00	0.00		POSITIVE_TRAIN_SITE	20.45		-1.731e+00	1.863	17.28	MQRankSum
chr12	40314059	rs33958906	C	T	705.08	PASS	2	0.012	166	2.39	2836		3.0361	2.337	-0.0119	2	0.012	60.00	0.00		POSITIVE_TRAIN_SITE	13.56		0.744	0.421	18.28	MQRankSum
chr12	40320097	rs35303786	T	C	693.53	PASS	1	7.353e-03	136	-2.615e+00	2244		3.0103	3.532	-0.0061	1	5.882e-03	60.00	0.00		POSITIVE_TRAIN_SITE	19.26		0.455	1.721	18.48	MQRankSum
chr12	40320099	rs11564148	T	A	18706.10	PASS	42	0.313	134	-8.460e-01	2290		3.2388	0.580	-0.0156	53	0.312	60.00	0.00		POSITIVE_TRAIN_SITE	15.52		-7.300e-02	0.636	18.44	MQRankSum
chr12	40346884	rs33995883	A	G	1104.05	PASS	1	0.013	78	1.26	1608		3.2727	0.000	-0.0319	5	0.029	60.00	0.00		POSITIVE_TRAIN_SITE	16.24		0.328	0.796	17.73	MQRankSum
chr12	40364850	rs3761863	T	C	43067.79	PASS	72	0.692	104	1.25	1960		1.1299	1.683	0.0759	113	0.665	59.99	0.00		POSITIVE_TRAIN_SITE	26.42		-9.100e-02	0.505	7.44	MQRankSum
chr12	40364987	.	C	G	843.53	PASS	1	6.250e-03	160	1.95	2736		3.0103	3.854	-0.0059	1	5.882e-03	60.00	0.00			14.54		-1.738e+00	0.325	17.48	MQRankSum
chr12	113293011	rs144613390	C	T	747.28	PASS	1	0.033	30	-2.305e+00	1242		3.0881	3.112	-0.0175	3	0.018	60.00	0.00		POSITIVE_TRAIN_SITE	16.98		0.366	0.272	18.19	MQRankSum
chr14	52864465	rs79804050	G	A	132.52	PASS	1	5.882e-03	170	1.89	3010		3.0103	0.000	-0.0059	1	5.882e-03	60.00	0.00		POSITIVE_TRAIN_SITE	5.10		2.53	1.075	17.12	MQRankSum
chr14	52893417	rs199890407	G	T	204.54	PASS	1	0.017	58	0.301	1396		3.0103	0.000	-0.0068	1	5.882e-03	60.00	0.00			8.89		0.969	0.665	15.91	MQRankSum
chr14	92456438	rs62623445	G	A	2990.61	PASS	7	0.041	170	-1.030e+00	2837		3.5683	2.833	-0.0429	7	0.041	60.00	0.00		POSITIVE_TRAIN_SITE	11.87		0.093	0.889	18.56	MQRankSum
chr14	92492178	rs45587635	A	C	1104.37	PASS	2	0.038	52	3.44	1446		3.1668	0.000	-0.0245	4	0.024	60.00	0.00		POSITIVE_TRAIN_SITE	15.55		0.789	0.728	17.64	MQRankSum
chr14	92513977	rs980952225	G	C	224.54	PASS	1	0.017	58	0.198	1510		3.0103	5.929	-0.0069	1	5.882e-03	60.00	0.00			11.23		0.232	0.061	17.34	MQRankSum
chr14	92651693	rs3829947	A	G	84224.31	PASS	102	0.600	170	-2.510e-01	4629		3.7957	0.000	-0.0294	102	0.600	60.00	0.00		POSITIVE_TRAIN_SITE	20.90		0.192	0.718	16.01	MQRankSum
chr14	92651884	rs117068593	C	T	5881.22	PASS	3	0.300	10	1.28	1020		0.1026	3.660	0.2167	32	0.188	59.95	0.00		POSITIVE_TRAIN_SITE	18.97		0.249	0.437	5.97	MQRankSum
chr14	92652229	rs753516012	A	G	534.52	PASS	1	5.882e-03	170	2.29	3097		3.0103	0.000	-0.0059	1	5.882e-03	60.00	0.00			11.88		0.954	0.848	16.71	MQRankSum
chr14	92652323	rs3742717	C	T	19922.60	PASS	30	0.176	170	-3.320e-01	3274		1.9841	0.000	0.0286	30	0.176	60.00	0.00		POSITIVE_TRAIN_SITE	17.93		0.087	0.738	17.88	MQRankSum
chr14	92652445	rs139248637	A	C	686.52	PASS	1	5.882e-03	170	2.30	3289		3.0103	0.000	-0.0059	1	5.882e-03	60.00	0.00			12.04		0.296	0.783	16.58	MQRankSum
chr14	92652887	rs12434929	G	C	463.52	PASS	1	5.882e-03	170	0.787	3112		3.0103	5.696	-0.0059	1	5.882e-03	60.00	0.00		POSITIVE_TRAIN_SITE	7.36		-2.300e-02	1.609	19.06	MQRankSum
chr14	92676516	rs147042536	T	C	1572.08	PASS	2	0.012	170	2.45	3399		3.0361	0.672	-0.0119	2	0.012	60.00	0.00		POSITIVE_TRAIN_SITE	13.10		0.042	0.616	17.68	MQRankSum
chr14	92688192	rs68153141	TGGC	T	115945.74	PASS	101	0.601	168	8.000e-03	5628		5.3535	0.574	-0.0621	102	0.607	60.00	0.00		POSITIVE_TRAIN_SITE	28.88		0.449	0.626	8.18	FS
chr15	50725227	.	C	A	531.52	PASS	1	6.024e-03	166	-2.370e-01	2955		3.0103	0.000	-0.0059	1	5.882e-03	60.00	0.00			12.08		-1.164e+00	0.769	16.51	MQRankSum
chr15	58771460	rs61729219	G	A	606.09	PASS	2	0.013	160	-5.620e-01	2608		3.0361	1.025	-0.0123	2	0.012	60.00	0.00		POSITIVE_TRAIN_SITE	9.62		-4.800e-02	0.478	17.73	MQRankSum
chr15	58772128	rs202153129	A	G	704.52	PASS	1	5.882e-03	170	-1.843e+00	3252		3.0103	0.000	-0.0059	1	5.882e-03	60.00	0.00			10.36		-1.349e+00	0.703	16.21	MQRankSum
chr15	58772221	rs116990761	C	T	745.52	PASS	1	5.882e-03	170	-1.144e+00	3146		3.0103	1.202	-0.0059	1	5.882e-03	60.00	0.00		POSITIVE_TRAIN_SITE	16.94		-3.710e-01	1.027	17.79	MQRankSum
chr15	63277703	rs117618017	C	T	40884.18	PASS	33	0.194	170	-2.003e+00	5293		0.5055	0.000	0.1351	33	0.194	60.00	0.00		POSITIVE_TRAIN_SITE	15.93		-2.400e-02	0.658	15.41	MQRankSum
chr15	63302461	rs61751105	G	T	449.52	PASS	1	6.098e-03	164	-2.550e-01	2613		3.0103	1.760	-0.0059	1	5.882e-03	60.00	0.00		POSITIVE_TRAIN_SITE	17.98		0.083	1.371	18.68	MQRankSum
chr15	63305658	rs1047552	T	G	814.08	PASS	1	7.813e-03	128	2.71	1904		3.0361	1.162	-0.0119	2	0.012	60.00	0.00		POSITIVE_TRAIN_SITE	16.96		0.893	0.976	18.49	MQRankSum
chr15	64136360	rs1802376	G	A	619.08	PASS	2	0.013	154	0.441	2326		3.0361	1.001	-0.0119	2	0.012	60.00	0.00		POSITIVE_TRAIN_SITE	9.52		0.431	0.941	18.39	MQRankSum
chr15	64445109	.	G	GC	480.52	PASS	1	0.018	56	0.662	1436		3.0103	2.881	-0.0078	1	5.882e-03	60.00	0.00			21.84		1.16	0.208	5.11	MQRankSum
chr15	78932385	rs78155742	T	C	1591.95	PASS	3	0.018	170	0.949	3574		3.0881	2.096	-0.0180	3	0.018	60.00	0.00		POSITIVE_TRAIN_SITE	10.61		-6.640e-01	0.521	17.58	MQRankSum
chr15	78944905	rs1036938	C	G	79047.84	PASS	119	0.708	168	-6.660e-01	3364		2.8870	2.211	-0.0035	121	0.712	60.00	0.00		POSITIVE_TRAIN_SITE	26.47		0.435	0.526	15.52	MQRankSum
chr15	78944951	rs2289702	C	T	5266.69	PASS	13	0.093	140	1.43	2223		1.1248	0.924	0.0777	13	0.076	60.00	0.00		POSITIVE_TRAIN_SITE	16.26		0.479	0.756	17.88	MQRankSum
chr16	30009488	rs1234575677	A	G	464.53	PASS	1	7.143e-03	140	1.96	2197		3.0103	1.302	-0.0059	1	5.882e-03	60.00	0.00			11.61		1.06	0.418	16.80	MQRankSum
chr16	30010081	rs1140239	C	T	34479.03	PASS	62	0.388	160	-1.734e+00	2751		37.0793	2.803	-0.3870	66	0.388	60.00	0.00		POSITIVE_TRAIN_SITE	17.27		0.00	0.498	18.18	MQRankSum
chr16	31111376	rs746453488	G	A	449.53	PASS	1	6.757e-03	148	-1.456e+00	2283		3.0103	3.891	-0.0061	1	5.882e-03	60.00	0.00			16.65		-6.100e-01	0.223	17.79	MQRankSum
chr16	31111999	rs142542453	A	T	489.52	PASS	1	5.882e-03	170	1.91	3886		3.0103	8.459	-0.0059	1	5.882e-03	60.00	0.00			9.60		-1.248e+00	1.981	15.96	MQRankSum
chr16	31184277	rs61732970	G	A	915.52	PASS	1	5.882e-03	170	1.39	3049		3.0103	0.981	-0.0059	1	5.882e-03	60.00	0.00		POSITIVE_TRAIN_SITE	14.53		1.44	0.902	17.88	MQRankSum
chr16	31185061	rs267606832	C	T	477.53	PASS	1	6.098e-03	164	2.28	3119		3.0103	3.191	-0.0059	1	5.882e-03	60.00	0.00			11.65		1.52	1.329	17.90	MQRankSum
chr16	70654556	rs139133476	G	C	1044.52	PASS	1	5.882e-03	170	-1.669e+00	3612		3.0103	0.901	-0.0059	1	5.882e-03	60.00	0.00		POSITIVE_TRAIN_SITE	13.74		0.476	0.511	17.63	MQRankSum
chr16	70657086	rs8046424	G	C	23396.64	PASS	23	0.411	56	-1.200e-01	1528		0.1375	0.000	0.2020	86	0.506	59.99	0.00		POSITIVE_TRAIN_SITE	22.78		0.091	0.691	9.14	MQRankSum
chr16	70660097	rs4985556	C	A	7614.44	PASS	16	0.101	158	-1.687e+00	2435		0.0488	2.968	0.3099	16	0.094	60.00	0.00		POSITIVE_TRAIN_SITE	17.63		-1.290e-01	0.509	18.77	MQRankSum
chr16	81786071	rs61749044	A	T	3027.35	PASS	4	0.024	170	0.809	3180		3.1668	1.163	-0.0241	4	0.024	60.00	0.00		POSITIVE_TRAIN_SITE	15.45		0.944	0.602	17.74	MQRankSum
chr16	81883307	rs11548656	A	G	5954.61	PASS	7	0.041	170	-1.800e-01	4703		3.5683	0.520	-0.0429	7	0.041	60.00	0.00		POSITIVE_TRAIN_SITE	13.06		-4.490e-01	0.725	16.45	MQRankSum
chr16	81889176	rs45443101	A	T	2828.61	PASS	7	0.041	170	0.939	3058		3.5683	19.355	-0.0429	7	0.041	60.00	0.00		POSITIVE_TRAIN_SITE	12.52		0.146	1.157	13.24	FS
chr16	81889208	rs1143687	C	T	3981.05	PASS	9	0.054	168	-1.130e-01	3006		3.9788	3.586	-0.0559	9	0.053	60.00	0.00		POSITIVE_TRAIN_SITE	12.33		0.487	0.887	19.14	MQRankSum
chr16	81905484	rs187956469	T	C	297.52	PASS	1	5.952e-03	168	3.01	3077		3.0103	1.469	-0.0059	1	5.882e-03	60.00	0.00		POSITIVE_TRAIN_SITE	8.04		-5.320e-01	0.351	17.53	MQRankSum
chr16	81908423	rs72824905	C	G	1502.06	PASS	2	0.012	170		3228		0.0129	0.000	1.0000	2	0.012	60.00			POSITIVE_TRAIN_SITE	34.14			1.230	8.26	MQ
chr16	81912673	rs150833842	A	G	365.52	PASS	1	5.882e-03	170	0.656	3000		3.0103	1.485	-0.0059	1	5.882e-03	60.00	0.00		POSITIVE_TRAIN_SITE	12.60		-5.680e-01	0.400	18.04	MQRankSum
chr16	81923585	rs1487353613	C	T	275.53	PASS	1	8.333e-03	120	1.31	2042		3.0103	8.280	-0.0060	1	5.882e-03	60.00	0.00			13.12		1.21	2.799	14.93	MQRankSum
chr16	81936218	rs377084065	C	G	388.52	PASS	1	5.952e-03	168	-5.750e-01	3025		3.0103	0.000	-0.0059	1	5.882e-03	60.00	0.00			11.43		0.123	0.583	16.67	MQRankSum
chr16	90058463	rs7206111	G	T	2410.95	PASS	3	0.018	170	-2.130e-01	3435		3.0881	1.273	-0.0180	3	0.018	59.32	0.238		POSITIVE_TRAIN_SITE	14.52		-9.600e-02	0.858	0.862	MQRankSum
chr16	90060451	rs201936074	C	T	1331.52	PASS	1	5.882e-03	170	-1.070e+00	3920		3.0103	0.000	-0.0059	1	5.882e-03	58.93	0.976			13.18		0.109	0.739	-3.056e-01	MQRankSum
chr16	90060585	rs150196149	A	G	1150.52	PASS	1	5.882e-03	170	0.649	3956		3.0103	8.698	-0.0059	1	5.882e-03	48.32	-9.400e-02	NEGATIVE_TRAIN_SITE	POSITIVE_TRAIN_SITE	13.07		0.526	0.847	0.167	MQ
chr16	90063728	rs2078478	C	T	12107.91	PASS	19	0.112	170	-1.084e+00	3261		7.9244	0.000	-0.1258	19	0.112	59.99	0.00		POSITIVE_TRAIN_SITE	13.84		-1.370e-01	0.656	8.76	MQRankSum
chr16	90074947	rs12925933	A	C	77411.40	PASS	115	0.676	170	0.340	3621		4.4934	0.000	-0.0482	115	0.676	56.97	-2.420e-01		POSITIVE_TRAIN_SITE	24.17		0.328	0.760	1.60	MQRankSum
chr16	90075897	.	C	CT	416.49	PASS	1	5.882e-03	170	1.04	3063		3.0103	1.612	-0.0059	1	5.882e-03	58.92	-2.518e+00	NEGATIVE_TRAIN_SITE		9.26		-4.330e-01	1.291	-1.587e+00	MQRankSum
chr17	1734198	rs143022530	G	A	241.33	PASS	1	9.259e-03	108	-1.987e+00	1838		3.0103	0.000	0.5326	1	6.410e-03	35.44	-1.371e+00			9.28		-1.800e-01	0.527	-3.198e+00	MQ
chr17	18119146	rs876657898	GGCTACGGCC	G	965.49	PASS	1	5.952e-03	168	0.200	3086		3.0103	0.000	-0.0060	1	5.882e-03	60.00	0.00			22.45		1.49	0.575	4.88	MQRankSum
chr17	18119623	rs183969516	G	C	864.52	PASS	1	5.882e-03	170	3.17	3198		3.0103	8.246	-0.0059	1	5.882e-03	60.00	0.00			12.18		0.549	1.499	17.65	MQRankSum
chr17	18119911	rs200382813	C	A	2959.08	PASS	2	0.012	170	-3.657e+00	3329		3.0361	0.480	-0.0119	2	0.012	60.00	0.00			12.75		-4.780e-01	0.648	16.47	MQRankSum
chr17	18120185	rs145292219	G	A	843.52	PASS	1	5.882e-03	170	-4.795e+00	3205		3.0103	0.000	-0.0059	1	5.882e-03	60.00	0.00		POSITIVE_TRAIN_SITE	10.95		0.082	0.767	17.73	MQRankSum
chr17	18120583	rs2955365	G	A	39593.94	PASS	65	0.392	166	-1.391e+00	3264		6.8795	0.000	-0.0921	67	0.399	60.00	0.00		POSITIVE_TRAIN_SITE	18.16		-7.300e-02	0.666	17.86	MQRankSum
chr17	18121038	rs79760961	G	T	135.62	PASS	1	0.042	24	0.198	1188		3.0103	0.000	-0.0100	1	5.882e-03	60.00	0.00			6.46		0.411	0.941	15.40	MQRankSum
chr17	18124520	rs202148411	G	A	633.52	PASS	1	5.882e-03	170	0.172	3404		3.0103	0.000	-0.0059	1	5.882e-03	60.00	0.00			13.77		2.52	0.923	16.38	MQRankSum
chr17	18143584	rs854777	T	C	29963.30	PASS	9	0.750	12	1.38	1154		0.6923	0.000	0.1166	121	0.712	60.00	0.00		POSITIVE_TRAIN_SITE	30.83		0.00	0.834	15.53	MQRankSum
chr17	18143875	rs2272571	G	A	5374.62	PASS	11	0.065	168	0.901	2793		0.7676	0.828	0.1252	11	0.065	60.00	0.00		POSITIVE_TRAIN_SITE	16.14		0.596	0.726	18.34	MQRankSum
chr17	18148792	rs114274755	G	A	372.53	PASS	1	7.813e-03	128	1.87	2015		3.0103	0.000	-0.0059	1	5.882e-03	60.00	0.00		POSITIVE_TRAIN_SITE	14.33		-1.591e+00	0.693	17.88	MQRankSum
chr17	18150460	rs369074496	G	A	553.52	PASS	1	5.882e-03	170	-9.400e-01	3225		3.0103	1.113	-0.0059	1	5.882e-03	60.00	0.00			11.78		-1.134e+00	0.512	16.47	MQRankSum
chr17	18153853	rs712270	A	T	41866.86	PASS	60	0.353	170	0.810	4013		6.0452	0.000	-0.0818	60	0.353	60.00	0.00		POSITIVE_TRAIN_SITE	15.57		0.075	0.718	17.55	MQRankSum
chr17	18155154	rs140140417	G	A	705.52	PASS	1	5.882e-03	170	2.73	3364		3.0103	2.544	-0.0059	1	5.882e-03	60.00	0.00		POSITIVE_TRAIN_SITE	13.31		-1.458e+00	0.395	17.96	MQRankSum
chr17	18159308	rs182977390	G	C	662.52	PASS	1	5.882e-03	170	1.25	3974		3.0103	0.000	-0.0059	1	5.882e-03	60.00	0.00		POSITIVE_TRAIN_SITE	10.52		0.787	0.768	17.21	MQRankSum
chr17	18161408	rs140029076	C	T	898.08	PASS	2	0.013	160	-1.242e+00	2446		3.0361	1.255	-0.0119	2	0.012	60.00	0.00		POSITIVE_TRAIN_SITE	14.72		-3.290e-01	0.951	18.12	MQRankSum
chr17	44352471	rs25647	G	C	1695.08	PASS	2	0.012	170	1.21	4136		3.0361	1.385	-0.0119	2	0.012	60.00	0.00		POSITIVE_TRAIN_SITE	12.94		2.23	0.826	16.96	MQRankSum
chr17	45983757	rs73314997	C	T	339.32	PASS	1	0.071	14	3.78	809		3.0421	0.000	0.4836	3	0.022	26.09	0.863		POSITIVE_TRAIN_SITE	8.93		1.16	0.436	-2.868e+00	MQ
chr17	49216544	rs2233369	G	A	1988.63	PASS	2	0.024	82	0.569	1618		3.5683	3.256	-0.0431	7	0.041	60.00	0.00		POSITIVE_TRAIN_SITE	15.78		0.579	1.027	19.13	MQRankSum
chr17	49219935	rs616338	T	C	57587	PASS	70	1.00	70	1.25	1616		3.0103	0.000	-0.0061	169	0.994	60.00	0.00			30.33		0.618	0.769	13.31	MQRankSum
chr17	63477326	.	G	T	494.57	PASS	1	6.173e-03	162	-1.634e+00	2647		3.0103	1.941	-0.0078	1	5.882e-03	60.00	0.00			19.78		0.788	1.501	17.24	MQRankSum
chr17	63480412	rs3730025	A	G	724.08	PASS	2	0.012	164	2.00	2723		3.0361	0.000	-0.0119	2	0.012	60.00	0.00		POSITIVE_TRAIN_SITE	10.97		0.347	0.704	18.40	MQRankSum
chr17	63481590	rs35141294	C	T	349.53	PASS	1	6.098e-03	164	-1.575e+00	2832		3.0103	0.000	-0.0059	1	5.882e-03	60.00	0.00		POSITIVE_TRAIN_SITE	14.56		-4.330e-01	0.693	18.09	MQRankSum
chr17	63481680	rs56394458	G	A	821.52	PASS	1	5.882e-03	170	1.32	3275		3.0103	0.000	-0.0059	1	5.882e-03	60.00	0.00			11.10		0.490	0.667	16.54	MQRankSum
chr17	63482672	rs35865660	G	A	421.52	PASS	1	5.882e-03	170	-3.650e-01	3378		3.0103	2.742	-0.0059	1	5.882e-03	60.00	0.00			11.09		-7.300e-02	1.179	17.34	MQRankSum
chr17	63483140	rs28730839	C	G	536.53	PASS	1	6.250e-03	160	-3.650e+00	2818		3.0103	0.000	-0.0059	1	5.882e-03	60.00	0.00			14.90		-1.220e+00	0.906	16.62	MQRankSum
chr17	63483485	rs148943954	C	G	508.52	PASS	1	5.882e-03	170	0.825	3359		3.0103	5.457	-0.0059	1	5.882e-03	60.00	0.00			13.74		0.752	1.802	17.58	MQRankSum
chr17	63488723	rs373970727	C	T	363.52	PASS	1	5.882e-03	170	0.417	3176		3.0103	0.000	-0.0059	1	5.882e-03	60.00	0.00			12.12		0.099	0.804	16.63	MQRankSum
chr19	1042810	rs3764645	A	G	25819.43	PASS	47	0.392	120	1.70	2068		4.2010	1.143	-0.0401	71	0.418	60.00	0.00		POSITIVE_TRAIN_SITE	18.81		0.00	0.832	18.14	MQRankSum
chr19	1043104	rs72973581	G	A	3909.36	PASS	6	0.035	170	2.50	3019		3.4064	0.000	-0.0366	6	0.035	60.00	0.00		POSITIVE_TRAIN_SITE	16.15		0.592	0.735	17.73	MQRankSum
chr19	1043749	rs3752232	A	G	3325.89	PASS	5	0.029	170	-1.633e+00	3129		3.2727	1.851	-0.0303	5	0.029	60.00	0.00		POSITIVE_TRAIN_SITE	14.21		-3.470e-01	0.851	18.47	MQRankSum
chr19	1044637	.	A	AT	546.49	PASS	1	6.944e-03	144	-4.010e-01	2157		3.0103	1.804	-0.0060	1	5.882e-03	60.00	0.00			23.76		1.61	0.368	4.97	MQRankSum
chr19	1045174	rs3752233	G	A	3833.89	PASS	5	0.030	168	0.00	3158		3.2727	1.857	-0.0303	5	0.029	60.00	0.00		POSITIVE_TRAIN_SITE	11.94		0.946	0.810	18.46	MQRankSum
chr19	1046240	rs141428162	C	G	718.52	PASS	1	5.882e-03	170	-1.688e+00	3696		3.0103	2.323	-0.0059	1	5.882e-03	60.00	0.00			13.82		-7.300e-01	0.537	16.46	MQRankSum
chr19	1046286	.	G	A	873.52	PASS	1	5.882e-03	170	-5.730e-01	3642		3.0103	5.470	-0.0059	1	5.882e-03	60.00	0.00			15.60		1.70	0.245	17.68	MQRankSum
chr19	1047538	rs3752239	A	C	1565.02	PASS	4	0.028	144	0.449	2230		3.2727	8.657	-0.0316	5	0.029	60.00	0.00		POSITIVE_TRAIN_SITE	12.83		0.223	1.428	19.41	MQRankSum
chr19	1049344	rs1456262672	C	T	269.62	PASS	1	6.410e-03	156	0.303	2636		3.0103	3.176	-0.0089	1	5.882e-03	60.00	0.00			8.17		0.262	0.863	16.80	MQRankSum
chr19	1050997	rs74176364	G	A	837.52	PASS	1	5.882e-03	170	-3.902e+00	3629		3.0103	4.834	-0.0059	1	5.882e-03	60.00	0.00		POSITIVE_TRAIN_SITE	12.32		0.468	0.418	18.85	MQRankSum
chr19	1055192	rs3745842	G	A	46115.93	PASS	76	0.447	170	-4.140e-01	3191		1.6282	0.000	0.0482	76	0.447	60.00	0.00		POSITIVE_TRAIN_SITE	21.68		0.062	0.676	16.64	MQRankSum
chr19	1056421	rs767723631	C	T	650.52	PASS	1	5.882e-03	170	0.890	3870		3.0103	4.047	-0.0059	1	5.882e-03	60.00	0.00			13.55		-1.760e-01	1.315	17.69	MQRankSum
chr19	1056493	rs3752246	G	C	104080.22	PASS	129	0.759	170	1.48	4122		0.5119	2.556	0.1322	129	0.759	60.00	0.00		POSITIVE_TRAIN_SITE	28.45		-9.000e-02	0.946	13.70	MQRankSum
chr19	1058177	rs4147918	A	G	2446.35	PASS	4	0.024	170	0.461	3282		3.1668	0.544	-0.0241	4	0.024	60.00	0.00		POSITIVE_TRAIN_SITE	13.59		0.204	0.744	18.27	MQRankSum
chr19	1065019	rs4147934	G	T	39499.58	PASS	60	0.732	82	-2.393e+00	1759		1.2190	3.439	0.0762	118	0.702	60.00	0.00		POSITIVE_TRAIN_SITE	26.16		-2.400e-02	1.009	16.37	MQRankSum
chr19	1065306	rs139706726	G	A	786.52	PASS	1	5.882e-03	170	-8.850e-01	3423		3.0103	0.000	-0.0059	1	5.882e-03	60.00	0.00		POSITIVE_TRAIN_SITE	15.13		-9.100e-02	0.555	17.66	MQRankSum
chr19	44908684	rs429358	T	C	15698.33	PASS	35	0.208	168	-1.743e+00	1969		7.9189	4.723	-0.1042	35	0.208	60.00	0.00		POSITIVE_TRAIN_SITE	18.56		-1.550e-01	1.042	19.57	MQRankSum
chr19	44908822	rs7412	C	T	1140.02	PASS	6	0.036	168	0.315	1422		3.4113	2.928	0.0545	6	0.036	60.00	0.00		POSITIVE_TRAIN_SITE	13.74		0.00	0.435	18.60	MQRankSum
chr19	49958478	rs57682421	G	C	207.53	PASS	1	6.329e-03	158	3.61	2347		3.0103	11.781	-0.0059	1	5.882e-03	50.08	0.350	NEGATIVE_TRAIN_SITE		8.30		0.061	0.486	-1.504e+00	MQ
chr19	49959041	rs62113133	G	C	39323.77	PASS	46	0.271	170	0.961	4329		1.6480	4.707	0.0463	46	0.271	49.03	-2.947e+00	NEGATIVE_TRAIN_SITE		17.63		-5.700e-02	1.174	-1.284e+00	MQ
chr19	49960404	rs144427989	C	G	2252.08	PASS	2	0.012	170	-5.120e-01	3289		3.0361	8.596	-0.0119	2	0.012	44.56	-6.970e-01	NEGATIVE_TRAIN_SITE	POSITIVE_TRAIN_SITE	8.56		0.944	0.866	-2.784e-01	MQ
chr19	49960413	rs77553517	T	G	43069.28	PASS	33	0.194	170	2.86	6275		19.8458	9.835	-0.2409	33	0.194	46.42	-3.562e+00	NEGATIVE_TRAIN_SITE		10.08		1.26	0.593	-1.764e+00	MQ
chr19	49960725	rs9676436	T	G	86662.47	PASS	61	0.359	170	3.01	6069		10.2035	3.402	-0.1505	61	0.359	35.83	-6.800e-02			19.28		-9.100e-02	0.768	-3.274e+00	MQ
chr19	49960819	rs149081611	C	T	463.52	PASS	1	5.882e-03	170	2.75	3667		3.0103	3.702	-0.0059	1	5.882e-03	37.21	-1.685e+00			6.53		0.744	0.307	-2.216e+00	MQ
chr19	49960914	rs62113159	C	G	2086.68	PASS	3	0.030	100	-2.133e+00	1814		4.5089	1.798	-0.0694	11	0.065	26.97	0.00			10.93		-3.800e-02	0.324	-3.137e+00	MQ
chr19	51225221	rs12459419	C	T	31030.76	PASS	44	0.259	170	-2.805e+00	3675		4.2107	0.532	-0.0426	44	0.259	59.81	0.00		POSITIVE_TRAIN_SITE	17.08		0.170	0.627	5.26	MQRankSum
chr19	51225385	rs2455069	A	G	45405.92	PASS	86	0.518	166	0.366	2726		5.0997	1.244	-0.0612	89	0.524	59.56	0.00		POSITIVE_TRAIN_SITE	22.30		-2.190e-01	0.549	3.33	MQRankSum
chr19	51225847	rs201074739	CCCGG	C	5457.32	PASS	6	0.035	170	-1.250e-01	3358		3.4064	2.879	-0.0366	6	0.035	60.00	0.00			21.40		0.162	0.897	5.62	MQRankSum
chr19	51235662	rs35112940	G	A	14193.50	PASS	31	0.196	158	-1.191e+00	2465		5.6324	0.000	-0.0779	32	0.188	60.00	0.00		POSITIVE_TRAIN_SITE	15.81		-9.300e-02	0.690	17.90	MQRankSum
chr19	51235665	rs61736475	T	C	1485.95	PASS	3	0.019	158	1.97	2426		3.0881	6.885	-0.0180	3	0.018	60.00	0.00		POSITIVE_TRAIN_SITE	16.33		-3.250e-01	1.372	19.19	MQRankSum
chr19	51235678	rs273621	T	C	182.53	PASS	1	6.579e-03	152	2.28	2346		3.0103	0.000	-0.0059	1	5.882e-03	60.00	0.00		POSITIVE_TRAIN_SITE	8.30		-7.760e-01	0.856	17.95	MQRankSum
chr20	56437405	rs35360819	G	A	1218.95	PASS	3	0.019	160	-1.747e+00	2481		3.0881	0.000	-0.0180	3	0.018	60.00	0.00		POSITIVE_TRAIN_SITE	13.70		0.708	0.698	17.99	MQRankSum
chr20	56452759	rs148921681	G	T	625.52	PASS	1	5.882e-03	170	0.305	2979		3.0103	8.039	-0.0059	1	5.882e-03	60.00	0.00		POSITIVE_TRAIN_SITE	18.96		-8.690e-01	0.982	18.72	MQRankSum
chr20	56458364	rs35031530	C	T	1918.95	PASS	3	0.018	170	-2.504e+00	3955		3.0881	2.600	-0.0180	3	0.018	60.00	0.00		POSITIVE_TRAIN_SITE	10.37		-5.570e-01	0.934	17.48	MQRankSum
chr20	56458410	rs137992530	A	G	780.52	PASS	1	5.882e-03	170	0.430	3966		3.0103	6.502	-0.0059	1	5.882e-03	60.00	0.00			16.26		-2.891e+00	0.173	16.36	ReadPosRankSum
chr20	63741471	rs150827036	T	A	193.53	PASS	1	7.042e-03	142	-1.893e+00	2203		3.0103	0.000	-0.0059	1	5.882e-03	60.00	0.00			6.91		-1.584e+00	0.693	15.57	MQRankSum
chr20	63742053	rs1271747301	G	T	587.53	PASS	1	6.098e-03	164	-2.582e+00	2305		3.0103	0.000	-0.0059	1	5.882e-03	60.00	0.00			18.95		-5.560e-01	0.655	16.32	MQRankSum
chr20	63742214	rs758701260	C	T	501.53	PASS	1	5.952e-03	168	0.368	2943		3.0103	11.826	-0.0060	1	5.882e-03	60.00	0.00			16.72		0.869	0.032	15.95	MQRankSum
chr20	63742354	rs8957	G	T	55265.26	PASS	116	0.753	154	-8.560e-01	2544		2.6503	0.624	0.0036	129	0.759	60.00	0.00		POSITIVE_TRAIN_SITE	24.12		-2.020e-01	0.771	16.66	MQRankSum
chr21	26051070	rs145081708	A	G	497.53	PASS	1	8.065e-03	124	2.94	1932		3.0103	5.275	-0.0059	1	5.882e-03	60.00	0.00			21.63		-1.357e+00	2.368	14.90	MQRankSum
chr21	26838138	rs71317487	T	C	822.08	PASS	2	0.013	152	3.39	2216		3.0361	0.000	-0.0119	2	0.012	60.00	0.00		POSITIVE_TRAIN_SITE	15.22		-8.890e-01	0.746	17.84	MQRankSum
chr21	26838535	rs56251528	C	T	3963.05	PASS	9	0.053	170	0.026	3002		3.9788	1.788	-0.0559	9	0.053	60.00	0.00		POSITIVE_TRAIN_SITE	11.79		-4.400e-02	0.597	18.13	MQRankSum
chr21	26844276	rs428785	C	G	64958.26	PASS	118	0.787	150	0.067	2625		1.2591	0.691	0.0679	129	0.759	60.00	0.00		POSITIVE_TRAIN_SITE	27.62		0.059	0.625	15.72	MQRankSum
chr21	26844740	rs61750213	C	T	954.27	PASS	2	0.015	130	-7.490e-01	2060		3.0364	2.605	0.2080	2	0.012	60.00	0.00		POSITIVE_TRAIN_SITE	18.35		1.76	0.387	17.94	MQRankSum
